0.000000e+00 1.000000e+00
5.000000e-02 9.986883e-01
 1.000000e-01 9.947629e-01
 1.500000e-01 9.882527e-01
 2.000000e-01 9.792054e-01
 2.500000e-01 9.676871e-01
 3.000000e-01 9.537812e-01
 3.500000e-01 9.375875e-01
 4.000000e-01 9.192209e-01
 4.500000e-01 8.988100e-01
 5.000000e-01 8.764956e-01
 5.500000e-01 8.524290e-01
 6.000000e-01 8.267700e-01
 6.500000e-01 7.996852e-01
 7.000000e-01 7.713461e-01
 7.500000e-01 7.419272e-01
 8.000000e-01 7.116041e-01
 8.500000e-01 6.805513e-01
 9.000000e-01 6.489409e-01
 9.500000e-01 6.169407e-01
 1.000000e+00 5.847124e-01
 1.050000e+00 5.524103e-01
 1.100000e+00 5.201798e-01
 1.150000e+00 4.881565e-01
 1.200000e+00 4.564647e-01
 1.250000e+00 4.252169e-01
 1.300000e+00 3.945129e-01
 1.350000e+00 3.644388e-01
 1.400000e+00 3.350675e-01
 1.450000e+00 3.064572e-01
 1.500000e+00 2.786521e-01
 1.550000e+00 2.516817e-01
 1.600000e+00 2.255611e-01
 1.650000e+00 2.002908e-01
 1.700000e+00 1.758567e-01
 1.750000e+00 1.522304e-01
 1.800000e+00 1.293688e-01
 1.850000e+00 1.072142e-01
 1.900000e+00 8.569428e-02
 1.950000e+00 6.472151e-02
 2.000000e+00 4.419274e-02
 2.050000e+00 2.398844e-02
 2.100000e+00 3.971635e-03
 2.150000e+00 -1.601353e-02
 2.200000e+00 -3.614365e-02
 2.250000e+00 -5.661839e-02
 2.300000e+00 -7.766357e-02
 2.350000e+00 -9.953485e-02
 2.400000e+00 -1.225224e-01
 2.450000e+00 -1.469566e-01
 2.500000e+00 -1.732149e-01
 2.550000e+00 -2.017304e-01
 2.600000e+00 -2.330024e-01
 2.650000e+00 -2.676082e-01
 2.700000e+00 -3.062190e-01
 2.750000e+00 -3.496180e-01
 2.800000e+00 -3.987227e-01
 2.850000e+00 -4.546118e-01
 2.900000e+00 -5.185585e-01
 2.950000e+00 -5.920701e-01
 3.000000e+00 -6.769373e-01
 3.050000e+00 -7.752931e-01
 3.100000e+00 -8.896861e-01
 3.150000e+00 -1.023169e+00
 3.200000e+00 -1.179410e+00
 3.250000e+00 -1.362823e+00
 3.300000e+00 -1.578739e+00
 3.350000e+00 -1.833606e+00
 3.400000e+00 -2.135244e+00
 3.450000e+00 -2.493157e+00
 3.500000e+00 -2.918925e+00
 3.550000e+00 -3.426686e+00
 3.600000e+00 -4.033738e+00
 3.650000e+00 -4.761299e+00
 3.700000e+00 -5.635444e+00
 3.750000e+00 -6.688293e+00
 3.800000e+00 -7.959502e+00
 3.850000e+00 -9.498132e+00
 3.900000e+00 -1.136502e+01
 3.950000e+00 -1.363577e+01
 4.000000e+00 -1.640454e+01
 4.050000e+00 -1.978889e+01
 4.100000e+00 -2.393585e+01
 4.150000e+00 -2.902980e+01
 4.200000e+00 -3.530245e+01
 4.250000e+00 -4.304562e+01
 4.300000e+00 -5.262767e+01
 4.350000e+00 -6.451464e+01
 4.400000e+00 -7.929747e+01
 4.450000e+00 -9.772719e+01
 4.500000e+00 -1.207604e+02
 4.550000e+00 -1.496184e+02
 4.600000e+00 -1.858639e+02
 4.650000e+00 -2.315012e+02
 4.700000e+00 -2.891064e+02
 4.750000e+00 -3.619986e+02
 4.800000e+00 -4.544641e+02
 4.850000e+00 -5.720503e+02
 4.900000e+00 -7.219539e+02
 4.950000e+00 -9.135327e+02
 5.000000e+00 -1.158982e+03
 5.050000e+00 -1.474234e+03
 5.100000e+00 -1.880147e+03
 