1.000000 -0.166459 -0.727438 0.665835
1.475000 -0.392681 -0.152338 1.570724
1.950000 -0.290373 0.550213 1.161492
2.425000 0.054871 0.792437 -0.219483
2.900000 0.354208 0.371682 -1.416831
3.375000 0.357203 -0.360035 -1.428810
3.850000 0.061350 -0.790535 -0.245398
4.325000 -0.285831 -0.559646 1.143322
4.800000 -0.393875 0.139461 1.575501
5.275000 -0.172390 0.721891 0.689562
5.750000 0.193322 0.700362 -0.773288
6.225000 0.397295 0.092887 -1.589179
6.700000 0.268877 -0.592301 -1.075509
7.175000 -0.084492 -0.781949 0.337968
7.650000 -0.367172 -0.317392 1.468689
8.125000 -0.342664 0.412705 1.370656
8.600000 -0.031471 0.797520 0.125885
9.075000 0.306051 0.515102 -1.224205
9.550000 0.387521 -0.198267 -1.550084
10.025000 0.144778 -0.745760 -0.579110
10.500000 -0.219092 -0.669325 0.876367
10.975000 -0.399661 -0.032910 1.598646
11.450000 -0.245861 0.631039 0.983443
11.925000 0.113635 0.767039 -0.454541
12.400000 0.378060 0.261308 -1.512241
12.875000 0.326187 -0.463042 -1.304749
13.350000 0.001415 -0.799995 -0.005660
13.825000 -0.324541 -0.467646 1.298164
14.300000 -0.378975 0.255952 1.515901
14.775000 -0.116346 0.765411 0.465383
15.250000 0.243622 0.634502 -0.974490
15.725000 0.399768 -0.027253 -1.599071
16.200000 0.221454 -0.666208 -0.885816
16.675000 -0.142136 -0.747790 0.568543
17.150000 -0.386810 -0.203746 1.547240
17.625000 -0.307866 0.510759 1.231463
18.100000 0.028649 0.797945 -0.114597
18.575000 0.341195 0.417544 -1.364781
19.050000 0.368286 -0.312189 -1.473144
19.525000 0.087256 -0.780734 -0.349024
