1.000000,0.993347,-0.006653
0.999988,0.992836,-0.007152
0.999950,0.992300,-0.007650
0.999888,0.991740,-0.008148
0.999800,0.991155,-0.008645
0.999688,0.990545,-0.009143
0.999550,0.989910,-0.009640
0.999388,0.989251,-0.010137
0.999200,0.988566,-0.010634
0.998988,0.987858,-0.011130
0.998750,0.987124,-0.011626
0.998488,0.986366,-0.012122
0.998201,0.985583,-0.012618
0.997888,0.984775,-0.013113
0.997551,0.983943,-0.013608
0.997189,0.983086,-0.014103
0.996802,0.982205,-0.014597
0.996390,0.981299,-0.015091
0.995953,0.980368,-0.015584
0.995491,0.979413,-0.016078
0.995004,0.978434,-0.016570
0.994493,0.977430,-0.017063
0.993956,0.976402,-0.017554
0.993395,0.975349,-0.018046
0.992809,0.974272,-0.018537
0.992198,0.973170,-0.019027
0.991562,0.972044,-0.019517
0.990901,0.970894,-0.020007
0.990216,0.969720,-0.020496
0.989506,0.968521,-0.020985
0.988771,0.967298,-0.021473
0.988012,0.966051,-0.021960
0.987227,0.964780,-0.022447
0.986418,0.963485,-0.022934
0.985585,0.962165,-0.023419
0.984727,0.960822,-0.023905
0.983844,0.959454,-0.024389
0.982936,0.958063,-0.024873
0.982004,0.956648,-0.025357
0.981048,0.955208,-0.025839
0.980067,0.953745,-0.026322
0.979061,0.952258,-0.026803
0.978031,0.950747,-0.027284
0.976976,0.949213,-0.027764
0.975897,0.947654,-0.028243
0.974794,0.946072,-0.028722
0.973666,0.944466,-0.029200
0.972514,0.942837,-0.029677
0.971338,0.941184,-0.030154
0.970137,0.939508,-0.030630
0.968912,0.937808,-0.031105
0.967663,0.936085,-0.031579
0.966390,0.934338,-0.032052
0.965093,0.932568,-0.032525
0.963771,0.930774,-0.032997
0.962425,0.928958,-0.033468
0.961055,0.927118,-0.033938
0.959662,0.925255,-0.034407
0.958244,0.923368,-0.034876
0.956802,0.921459,-0.035343
0.955337,0.919527,-0.035810
0.953847,0.917571,-0.036276
0.952334,0.915593,-0.036741
0.950796,0.913592,-0.037205
0.949235,0.911568,-0.037668
0.947651,0.909521,-0.038130
0.946042,0.907452,-0.038591
0.944410,0.905359,-0.039051
0.942755,0.903245,-0.039510
0.941076,0.901107,-0.039968
0.939373,0.898947,-0.040426
0.937647,0.896765,-0.040882
0.935897,0.894560,-0.041337
0.934124,0.892333,-0.041791
0.932327,0.890083,-0.042244
0.930508,0.887811,-0.042696
0.928665,0.885517,-0.043147
0.926799,0.883201,-0.043597
0.924909,0.880863,-0.044046
0.922997,0.878503,-0.044494
0.921061,0.876121,-0.044940
0.919102,0.873717,-0.045386
0.917121,0.871291,-0.045830
0.915116,0.868843,-0.046273
0.913089,0.866374,-0.046715
0.911039,0.863883,-0.047156
0.908966,0.861370,-0.047596
0.906870,0.858836,-0.048034
0.904752,0.856280,-0.048472
0.902611,0.853703,-0.048908
0.900447,0.851104,-0.049343
0.898261,0.848485,-0.049776
0.896053,0.845844,-0.050209
0.893822,0.843182,-0.050640
0.891568,0.840499,-0.051070
0.889293,0.837795,-0.051498
0.886995,0.835069,-0.051926
0.884675,0.832323,-0.052352
0.882333,0.829557,-0.052776
0.879969,0.826769,-0.053200
0.877583,0.823961,-0.053622
0.875175,0.821132,-0.054042
0.872745,0.818283,-0.054462
0.870293,0.815413,-0.054880
0.867819,0.812523,-0.055297
0.865324,0.809612,-0.055712
0.862807,0.806682,-0.056126
0.860269,0.803731,-0.056538
0.857709,0.800760,-0.056949
0.855127,0.797769,-0.057359
0.852525,0.794758,-0.057767
0.849901,0.791727,-0.058174
0.847255,0.788676,-0.058579
0.844589,0.785606,-0.058983
0.841901,0.782516,-0.059385
0.839193,0.779407,-0.059786
0.836463,0.776278,-0.060185
0.833712,0.773129,-0.060583
0.830941,0.769961,-0.060979
0.828149,0.766774,-0.061374
0.825336,0.763568,-0.061767
0.822502,0.760343,-0.062159
0.819648,0.757099,-0.062549
0.816774,0.753836,-0.062938
0.813879,0.750554,-0.063325
0.810963,0.747253,-0.063711
0.808028,0.743933,-0.064094
0.805072,0.740595,-0.064477
0.802096,0.737239,-0.064857
0.799100,0.733864,-0.065236
0.796084,0.730470,-0.065614
0.793048,0.727059,-0.065990
0.789993,0.723629,-0.066364
0.786917,0.720181,-0.066736
0.783822,0.716715,-0.067107
0.780707,0.713231,-0.067476
0.777573,0.709730,-0.067843
0.774419,0.706210,-0.068209
0.771246,0.702673,-0.068573
0.768054,0.699119,-0.068935
0.764843,0.695546,-0.069296
0.761612,0.691957,-0.069655
0.758362,0.688350,-0.070012
0.755094,0.684726,-0.070367
0.751806,0.681085,-0.070721
0.748500,0.677427,-0.071073
0.745175,0.673752,-0.071423
0.741831,0.670060,-0.071771
0.738469,0.666351,-0.072118
0.735088,0.662626,-0.072462
0.731689,0.658884,-0.072805
0.728272,0.655126,-0.073146
0.724836,0.651351,-0.073485
0.721383,0.647560,-0.073823
0.717911,0.643753,-0.074158
0.714421,0.639929,-0.074492
0.710914,0.636090,-0.074824
0.707389,0.632235,-0.075154
0.703846,0.628364,-0.075482
0.700285,0.624477,-0.075808
0.696707,0.620575,-0.076132
0.693112,0.616657,-0.076455
0.689499,0.612724,-0.076775
0.685869,0.608775,-0.077094
0.682222,0.604811,-0.077410
0.678557,0.600833,-0.077725
0.674876,0.596839,-0.078038
0.671178,0.592830,-0.078348
0.667463,0.588806,-0.078657
0.663732,0.584768,-0.078964
0.659984,0.580715,-0.079269
0.656219,0.576647,-0.079572
0.652438,0.572565,-0.079873
0.648641,0.568469,-0.080172
0.644827,0.564358,-0.080469
0.640997,0.560234,-0.080764
0.637152,0.556095,-0.081056
0.633290,0.551943,-0.081347
0.629413,0.547776,-0.081636
0.625519,0.543596,-0.081923
0.621611,0.539403,-0.082208
0.617686,0.535196,-0.082490
0.613746,0.530975,-0.082771
0.609791,0.526742,-0.083050
0.605821,0.522495,-0.083326
0.601835,0.518235,-0.083600
0.597835,0.513962,-0.083873
0.593819,0.509676,-0.084143
0.589789,0.505378,-0.084411
0.585743,0.501066,-0.084677
0.581684,0.496743,-0.084941
0.577609,0.492407,-0.085203
0.573521,0.488058,-0.085462
0.569417,0.483698,-0.085720
0.565300,0.479325,-0.085975
0.561169,0.474940,-0.086228
0.557023,0.470544,-0.086479
0.552864,0.466136,-0.086728
0.548691,0.461716,-0.086975
0.544504,0.457284,-0.087219
0.540303,0.452841,-0.087462
0.536089,0.448387,-0.087702
0.531861,0.443921,-0.087940
0.527621,0.439445,-0.088176
0.523367,0.434957,-0.088409
0.519100,0.430459,-0.088641
0.514819,0.425950,-0.088870
0.510527,0.421430,-0.089097
0.506221,0.416900,-0.089321
0.501903,0.412359,-0.089544
0.497572,0.407808,-0.089764
0.493228,0.403246,-0.089982
0.488873,0.398675,-0.090198
0.484505,0.394094,-0.090411
0.480125,0.389502,-0.090622
0.475733,0.384902,-0.090831
0.471329,0.380291,-0.091038
0.466913,0.375671,-0.091242
0.462486,0.371041,-0.091445
0.458047,0.366403,-0.091644
0.453597,0.361755,-0.091842
0.449135,0.357098,-0.092037
0.444662,0.352432,-0.092230
0.440178,0.347757,-0.092421
0.435683,0.343074,-0.092609
0.431177,0.338382,-0.092795
0.426661,0.333682,-0.092979
0.422133,0.328973,-0.093160
0.417595,0.324256,-0.093339
0.413047,0.319531,-0.093516
0.408488,0.314798,-0.093690
0.403919,0.310057,-0.093862
0.399340,0.305308,-0.094032
0.394751,0.300552,-0.094199
0.390152,0.295788,-0.094364
0.385544,0.291017,-0.094527
0.380926,0.286238,-0.094687
0.376298,0.281453,-0.094845
0.371661,0.276660,-0.095001
0.367014,0.271860,-0.095154
0.362359,0.267054,-0.095305
0.357694,0.262241,-0.095453
0.353020,0.257421,-0.095599
0.348338,0.252595,-0.095742
0.343647,0.247763,-0.095884
0.338947,0.242924,-0.096023
0.334239,0.238080,-0.096159
0.329522,0.233229,-0.096293
0.324797,0.228373,-0.096425
0.320064,0.223511,-0.096554
0.315323,0.218643,-0.096680
0.310574,0.213770,-0.096805
0.305818,0.208891,-0.096927
0.301054,0.204007,-0.097046
0.296282,0.199118,-0.097163
0.291503,0.194225,-0.097278
0.286716,0.189326,-0.097390
0.281923,0.184422,-0.097500
0.277122,0.179514,-0.097607
0.272314,0.174602,-0.097712
0.267500,0.169685,-0.097815
0.262679,0.164764,-0.097915
0.257851,0.159839,-0.098012
0.253017,0.154909,-0.098108
0.248176,0.149976,-0.098200
0.243330,0.145039,-0.098290
0.238477,0.140099,-0.098378
0.233618,0.135155,-0.098463
0.228754,0.130207,-0.098546
0.223884,0.125257,-0.098627
0.219008,0.120303,-0.098705
0.214126,0.115346,-0.098780
0.209240,0.110387,-0.098853
0.204348,0.105424,-0.098924
0.199451,0.100459,-0.098992
0.194549,0.095492,-0.099057
0.189642,0.090522,-0.099120
0.184730,0.085549,-0.099181
0.179814,0.080575,-0.099239
0.174893,0.075599,-0.099295
0.169968,0.070620,-0.099348
0.165039,0.065640,-0.099398
0.160105,0.060659,-0.099447
0.155168,0.055676,-0.099492
0.150227,0.050691,-0.099536
0.145281,0.045705,-0.099576
0.140333,0.040718,-0.099615
0.135380,0.035730,-0.099650
0.130425,0.030741,-0.099684
0.125466,0.025752,-0.099714
0.120504,0.020761,-0.099743
0.115539,0.015771,-0.099768
0.110571,0.010779,-0.099792
0.105600,0.005788,-0.099812
0.100627,0.000796,-0.099831
0.095651,-0.004195,-0.099847
0.090673,-0.009187,-0.099860
0.085692,-0.014178,-0.099871
0.080710,-0.019169,-0.099879
0.075725,-0.024160,-0.099885
0.070738,-0.029150,-0.099888
0.065750,-0.034139,-0.099889
0.060760,-0.039127,-0.099887
0.055769,-0.044114,-0.099883
0.050776,-0.049101,-0.099876
0.045782,-0.054086,-0.099867
0.040786,-0.059069,-0.099856
0.035790,-0.064051,-0.099841
0.030793,-0.069032,-0.099825
0.025795,-0.074011,-0.099806
0.020796,-0.078988,-0.099784
0.015797,-0.083963,-0.099760
0.010797,-0.088936,-0.099733
0.005798,-0.093906,-0.099704
0.000798,-0.098875,-0.099672
-0.004202,-0.103841,-0.099638
-0.009202,-0.108804,-0.099602
-0.014202,-0.113764,-0.099563
-0.019201,-0.118722,-0.099521
-0.024200,-0.123677,-0.099477
-0.029198,-0.128629,-0.099430
-0.034196,-0.133577,-0.099381
-0.039192,-0.138522,-0.099330
-0.044188,-0.143464,-0.099276
-0.049183,-0.148402,-0.099219
-0.054176,-0.153336,-0.099160
-0.059168,-0.158267,-0.099099
-0.064158,-0.163193,-0.099035
-0.069147,-0.168116,-0.098968
-0.074134,-0.173034,-0.098900
-0.079120,-0.177948,-0.098828
-0.084103,-0.182857,-0.098754
-0.089084,-0.187762,-0.098678
-0.094063,-0.192662,-0.098599
-0.099040,-0.197558,-0.098518
-0.104014,-0.202448,-0.098434
-0.108985,-0.207334,-0.098348
-0.113954,-0.212214,-0.098260
-0.118920,-0.217089,-0.098169
-0.123883,-0.221958,-0.098075
-0.128843,-0.226822,-0.097979
-0.133800,-0.231681,-0.097881
-0.138753,-0.236533,-0.097780
-0.143703,-0.241380,-0.097677
-0.148649,-0.246220,-0.097571
-0.153592,-0.251054,-0.097463
-0.158531,-0.255883,-0.097352
-0.163465,-0.260704,-0.097239
-0.168396,-0.265519,-0.097123
-0.173323,-0.270328,-0.097006
-0.178245,-0.275130,-0.096885
-0.183162,-0.279925,-0.096762
-0.188075,-0.284713,-0.096637
-0.192984,-0.289493,-0.096510
-0.197887,-0.294267,-0.096380
-0.202786,-0.299033,-0.096247
-0.207680,-0.303792,-0.096112
-0.212568,-0.308543,-0.095975
-0.217451,-0.313286,-0.095835
-0.222329,-0.318022,-0.095693
-0.227201,-0.322750,-0.095549
-0.232067,-0.327469,-0.095402
-0.236928,-0.332181,-0.095253
-0.241782,-0.336884,-0.095101
-0.246631,-0.341578,-0.094947
-0.251473,-0.346264,-0.094791
-0.256309,-0.350942,-0.094632
-0.261139,-0.355611,-0.094471
-0.265962,-0.360270,-0.094308
-0.270779,-0.364921,-0.094142
-0.275589,-0.369563,-0.093974
-0.280392,-0.374195,-0.093803
-0.285188,-0.378818,-0.093631
-0.289976,-0.383432,-0.093455
-0.294758,-0.388036,-0.093278
-0.299532,-0.392630,-0.093098
-0.304299,-0.397215,-0.092916
-0.309058,-0.401789,-0.092731
-0.313809,-0.406354,-0.092545
-0.318553,-0.410908,-0.092356
-0.323288,-0.415452,-0.092164
-0.328016,-0.419986,-0.091970
-0.332735,-0.424509,-0.091774
-0.337446,-0.429022,-0.091576
-0.342148,-0.433524,-0.091375
-0.346842,-0.438015,-0.091172
-0.351527,-0.442495,-0.090967
-0.356204,-0.446964,-0.090760
-0.360871,-0.451421,-0.090550
-0.365530,-0.455868,-0.090338
-0.370179,-0.460303,-0.090124
-0.374819,-0.464727,-0.089907
-0.379450,-0.469139,-0.089689
-0.384072,-0.473539,-0.089468
-0.388683,-0.477928,-0.089244
-0.393285,-0.482304,-0.089019
-0.397877,-0.486669,-0.088791
-0.402460,-0.491021,-0.088561
-0.407032,-0.495361,-0.088329
-0.411594,-0.499689,-0.088095
-0.416145,-0.504004,-0.087858
-0.420687,-0.508306,-0.087620
-0.425218,-0.512596,-0.087379
-0.429738,-0.516873,-0.087136
-0.434247,-0.521138,-0.086890
-0.438746,-0.525389,-0.086643
-0.443234,-0.529627,-0.086393
-0.447710,-0.533852,-0.086141
-0.452175,-0.538063,-0.085887
-0.456630,-0.542261,-0.085631
-0.461072,-0.546445,-0.085373
-0.465503,-0.550616,-0.085113
-0.469923,-0.554773,-0.084850
-0.474331,-0.558916,-0.084586
-0.478726,-0.563046,-0.084319
-0.483110,-0.567161,-0.084050
-0.487482,-0.571261,-0.083779
-0.491842,-0.575348,-0.083506
-0.496189,-0.579420,-0.083231
-0.500524,-0.583478,-0.082954
-0.504847,-0.587521,-0.082675
-0.509156,-0.591550,-0.082393
-0.513454,-0.595563,-0.082110
-0.517738,-0.599562,-0.081824
-0.522009,-0.603546,-0.081537
-0.526267,-0.607515,-0.081247
-0.530512,-0.611468,-0.080956
-0.534744,-0.615407,-0.080662
-0.538963,-0.619329,-0.080367
-0.543168,-0.623237,-0.080069
-0.547359,-0.627129,-0.079769
-0.551537,-0.631005,-0.079468
-0.555701,-0.634865,-0.079164
-0.559851,-0.638709,-0.078859
-0.563987,-0.642538,-0.078551
-0.568109,-0.646350,-0.078242
-0.572217,-0.650147,-0.077930
-0.576310,-0.653927,-0.077617
-0.580389,-0.657690,-0.077301
-0.584454,-0.661438,-0.076984
-0.588503,-0.665168,-0.076665
-0.592539,-0.668882,-0.076344
-0.596559,-0.672580,-0.076021
-0.600565,-0.676260,-0.075696
-0.604555,-0.679924,-0.075369
-0.608530,-0.683570,-0.075040
-0.612490,-0.687200,-0.074710
-0.616435,-0.690812,-0.074377
-0.620365,-0.694407,-0.074043
-0.624278,-0.697985,-0.073707
-0.628177,-0.701545,-0.073369
-0.632059,-0.705088,-0.073029
-0.635926,-0.708613,-0.072687
-0.639777,-0.712121,-0.072344
-0.643612,-0.715610,-0.071998
-0.647431,-0.719082,-0.071651
-0.651233,-0.722535,-0.071302
-0.655020,-0.725971,-0.070952
-0.658790,-0.729389,-0.070599
-0.662543,-0.732788,-0.070245
-0.666280,-0.736169,-0.069889
-0.670000,-0.739531,-0.069531
-0.673704,-0.742875,-0.069172
-0.677390,-0.746201,-0.068811
-0.681060,-0.749508,-0.068448
-0.684713,-0.752796,-0.068083
-0.688348,-0.756065,-0.067717
-0.691967,-0.759315,-0.067349
-0.695568,-0.762547,-0.066979
-0.699151,-0.765759,-0.066608
-0.702718,-0.768952,-0.066235
-0.706266,-0.772126,-0.065860
-0.709797,-0.775281,-0.065484
-0.713310,-0.778416,-0.065106
-0.716806,-0.781532,-0.064726
-0.720283,-0.784628,-0.064345
-0.723743,-0.787705,-0.063962
-0.727184,-0.790762,-0.063578
-0.730607,-0.793799,-0.063192
-0.734012,-0.796816,-0.062804
-0.737399,-0.799814,-0.062415
-0.740767,-0.802791,-0.062024
-0.744117,-0.805748,-0.061632
-0.747448,-0.808685,-0.061238
-0.750760,-0.811602,-0.060843
-0.754053,-0.814499,-0.060446
-0.757328,-0.817375,-0.060047
-0.760584,-0.820231,-0.059647
-0.763821,-0.823067,-0.059246
-0.767038,-0.825881,-0.058843
-0.770237,-0.828676,-0.058439
-0.773416,-0.831449,-0.058033
-0.776576,-0.834202,-0.057626
-0.779716,-0.836933,-0.057217
-0.782837,-0.839644,-0.056807
-0.785939,-0.842334,-0.056395
-0.789020,-0.845003,-0.055983
-0.792083,-0.847651,-0.055568
-0.795125,-0.850277,-0.055152
-0.798147,-0.852882,-0.054735
-0.801149,-0.855466,-0.054317
-0.804132,-0.858029,-0.053897
-0.807094,-0.860570,-0.053476
-0.810036,-0.863090,-0.053053
-0.812958,-0.865587,-0.052629
-0.815859,-0.868064,-0.052204
-0.818741,-0.870518,-0.051778
-0.821601,-0.872951,-0.051350
-0.824441,-0.875362,-0.050921
-0.827261,-0.877752,-0.050491
-0.830060,-0.880119,-0.050059
-0.832838,-0.882464,-0.049626
-0.835595,-0.884787,-0.049192
-0.838331,-0.887088,-0.048757
-0.841047,-0.889367,-0.048320
-0.843741,-0.891624,-0.047883
-0.846414,-0.893858,-0.047444
-0.849066,-0.896070,-0.047004
-0.851697,-0.898260,-0.046562
-0.854307,-0.900427,-0.046120
-0.856895,-0.902571,-0.045676
-0.859462,-0.904693,-0.045232
-0.862007,-0.906793,-0.044786
-0.864531,-0.908870,-0.044339
-0.867033,-0.910923,-0.043891
-0.869513,-0.912955,-0.043441
-0.871972,-0.914963,-0.042991
-0.874409,-0.916949,-0.042540
-0.876824,-0.918911,-0.042087
-0.879217,-0.920851,-0.041634
-0.881588,-0.922768,-0.041179
-0.883938,-0.924661,-0.040724
-0.886265,-0.926532,-0.040267
-0.888569,-0.928379,-0.039810
-0.890852,-0.930203,-0.039351
-0.893112,-0.932004,-0.038891
-0.895350,-0.933781,-0.038431
-0.897566,-0.935536,-0.037969
-0.899759,-0.937266,-0.037507
-0.901930,-0.938974,-0.037044
-0.904078,-0.940658,-0.036579
-0.906204,-0.942318,-0.036114
-0.908307,-0.943955,-0.035648
-0.910387,-0.945568,-0.035181
-0.912444,-0.947157,-0.034713
-0.914479,-0.948723,-0.034244
-0.916491,-0.950265,-0.033775
-0.918480,-0.951784,-0.033304
-0.920446,-0.953278,-0.032833
-0.922388,-0.954749,-0.032361
-0.924308,-0.956196,-0.031888
-0.926205,-0.957619,-0.031414
-0.928079,-0.959018,-0.030940
-0.929929,-0.960393,-0.030464
-0.931756,-0.961744,-0.029988
-0.933560,-0.963071,-0.029512
-0.935340,-0.964374,-0.029034
-0.937097,-0.965653,-0.028556
-0.938831,-0.966908,-0.028077
-0.940541,-0.968138,-0.027597
-0.942228,-0.969345,-0.027117
-0.943891,-0.970527,-0.026636
-0.945531,-0.971685,-0.026154
-0.947146,-0.972818,-0.025672
-0.948739,-0.973927,-0.025189
-0.950307,-0.975012,-0.024705
-0.951852,-0.976073,-0.024221
-0.953373,-0.977109,-0.023736
-0.954870,-0.978120,-0.023250
-0.956343,-0.979107,-0.022764
-0.957792,-0.980070,-0.022278
-0.959218,-0.981008,-0.021791
-0.960619,-0.981922,-0.021303
-0.961996,-0.982811,-0.020815
-0.963350,-0.983676,-0.020326
-0.964679,-0.984516,-0.019837
-0.965984,-0.985331,-0.019347
-0.967265,-0.986122,-0.018857
-0.968522,-0.986888,-0.018366
-0.969754,-0.987629,-0.017875
-0.970963,-0.988346,-0.017383
-0.972147,-0.989038,-0.016891
-0.973306,-0.989705,-0.016399
-0.974442,-0.990348,-0.015906
-0.975553,-0.990966,-0.015413
-0.976640,-0.991558,-0.014919
-0.977702,-0.992127,-0.014425
-0.978740,-0.992670,-0.013931
-0.979753,-0.993189,-0.013436
-0.980742,-0.993682,-0.012941
-0.981706,-0.994151,-0.012445
-0.982646,-0.994595,-0.011950
-0.983561,-0.995015,-0.011454
-0.984452,-0.995409,-0.010957
-0.985318,-0.995778,-0.010461
-0.986159,-0.996123,-0.009964
-0.986976,-0.996442,-0.009467
-0.987768,-0.996737,-0.008969
-0.988535,-0.997007,-0.008472
-0.989278,-0.997252,-0.007974
-0.989995,-0.997472,-0.007476
-0.990689,-0.997667,-0.006978
-0.991357,-0.997837,-0.006480
-0.992001,-0.997982,-0.005981
-0.992619,-0.998102,-0.005483
-0.993213,-0.998197,-0.004984
-0.993782,-0.998267,-0.004485
-0.994327,-0.998313,-0.003986
-0.994846,-0.998333,-0.003487
-0.995341,-0.998328,-0.002988
-0.995810,-0.998299,-0.002488
-0.996255,-0.998244,-0.001989
-0.996675,-0.998165,-0.001490
-0.997070,-0.998060,-0.000990
-0.997440,-0.997931,-0.000491
-0.997785,-0.997776,0.000009
-0.998105,-0.997597,0.000508
-0.998400,-0.997393,0.001008
-0.998671,-0.997164,0.001507
-0.998916,-0.996909,0.002006
-0.999136,-0.996630,0.002506
-0.999331,-0.996326,0.003005
-0.999502,-0.995998,0.003504
-0.999647,-0.995644,0.004003
-0.999767,-0.995265,0.004502
-0.999863,-0.994862,0.005001
-0.999933,-0.994433,0.005500
-0.999978,-0.993980,0.005999
-0.999999,-0.993502,0.006497
