0.000000 0.276045 0.009591 0.024394
0.000000 0.434498 0.434498 0.607200
0.000000 1.322676 0.656542 0.804572
0.000000 1.341859 0.009591 0.379666
0.000000 0.000001 0.000001 0.000001
0.000010 0.000060 0.000000 0.000000
0.010000 0.060100 0.000100 0.000000
0.020000 0.120400 0.000400 0.000000
0.030000 0.180900 0.000900 0.000000
0.040000 0.241600 0.001600 0.000000
0.050000 0.302500 0.002500 0.000000
0.070000 0.424900 0.004900 0.000000
0.080000 0.486400 0.006400 0.000000
0.100000 0.610000 0.010000 0.000000
