0.010000 3.009715e-02 -5.279383e-05
0.015000 4.522212e-02 -6.689199e-05
0.020000 6.039709e-02 -2.027934e-04
0.025000 7.562195e-02 -2.860749e-04
0.030000 9.089703e-02 -4.527927e-04
0.035000 1.062219e-01 -5.942146e-04
0.040000 1.215970e-01 -8.027917e-04
0.045000 1.370218e-01 -9.988594e-04
0.050000 1.524968e-01 -1.252902e-03
0.055000 1.680218e-01 -1.501611e-03
0.060000 1.835969e-01 -1.802789e-03
0.065000 1.992281e-01 -2.109755e-03
0.070000 2.149026e-01 -2.458716e-03
0.075000 2.306271e-01 -2.810717e-03
0.080000 2.464019e-01 -3.207999e-03
0.085000 2.622266e-01 -3.611190e-03
0.090000 2.781012e-01 -4.057690e-03
0.095000 2.940261e-01 -4.511563e-03
0.100000 3.100008e-01 -5.007219e-03
0.105000 3.260258e-01 -5.511865e-03
0.110000 3.421005e-01 -6.056833e-03
0.115000 3.582252e-01 -6.612307e-03
0.120000 3.744002e-01 -7.206512e-03
0.125000 3.906250e-01 -7.812500e-03
0.130000 4.069000e-01 -8.443759e-03
0.135000 4.232246e-01 -9.112829e-03
0.140000 4.395996e-01 -9.794467e-03
0.145000 4.560246e-01 -1.051280e-02
0.150000 4.724992e-01 -1.124508e-02
0.155000 4.890242e-01 -1.201307e-02
0.160000 5.055992e-01 -1.279534e-02
0.165000 5.222239e-01 -1.361330e-02
0.170000 5.388989e-01 -1.444582e-02
0.175000 5.556239e-01 -1.531325e-02
0.180000 5.724014e-01 -1.619902e-02
0.185000 5.892237e-01 -1.711345e-02
0.190000 6.061013e-01 -1.804908e-02
0.195000 6.230237e-01 -1.901340e-02
0.200000 6.400010e-01 -1.999934e-02
0.205000 6.570259e-01 -2.101610e-02
0.210000 6.741009e-01 -2.204937e-02
0.215000 6.912256e-01 -2.311618e-02
0.220000 7.084006e-01 -2.419960e-02
0.225000 7.256256e-01 -2.531605e-02
0.230000 7.429003e-01 -2.644981e-02
0.235000 7.602253e-01 -2.761612e-02
0.240000 7.776003e-01 -2.879982e-02
0.245000 7.950250e-01 -3.001618e-02
0.250000 8.125000e-01 -3.125000e-02
0.255000 8.300250e-01 -3.250893e-02
0.260000 8.476000e-01 -3.380000e-02
0.265000 8.652249e-01 -3.511596e-02
0.270000 8.828995e-01 -3.645032e-02
0.275000 9.006245e-01 -3.780945e-02
0.280000 9.183995e-01 -3.920031e-02
0.285000 9.362245e-01 -4.060952e-02
0.290000 9.540995e-01 -4.205029e-02
0.295000 9.720244e-01 -4.350959e-02
0.300000 9.899990e-01 -4.500057e-02
0.305000 1.008026e+00 -4.651194e-02
0.310000 1.026099e+00 -4.805055e-02
0.315000 1.044226e+00 -4.961196e-02
0.320000 1.062399e+00 -5.120053e-02
0.325000 1.080626e+00 -5.281197e-02
0.330000 1.098901e+00 -5.445269e-02
0.335000 1.117226e+00 -5.611225e-02
0.340000 1.135600e+00 -5.780263e-02
0.345000 1.154025e+00 -5.951226e-02
0.350000 1.172500e+00 -6.125258e-02
0.355000 1.191025e+00 -6.301226e-02
0.360000 1.209600e+00 -6.479724e-02
0.365000 1.228225e+00 -6.661250e-02
0.370000 1.246900e+00 -6.845272e-02
0.375000 1.265625e+00 -7.031250e-02
0.380000 1.284400e+00 -7.219733e-02
0.385000 1.303225e+00 -7.411250e-02
0.390000 1.322100e+00 -7.605261e-02
0.395000 1.341025e+00 -7.801271e-02
0.400000 1.360000e+00 -7.999763e-02
0.405000 1.379025e+00 -8.201270e-02
0.410000 1.398100e+00 -8.404767e-02
0.415000 1.417225e+00 -8.611269e-02
0.420000 1.436400e+00 -8.819770e-02
0.425000 1.455624e+00 -9.031289e-02
0.430000 1.474901e+00 -9.244963e-02
0.435000 1.494224e+00 -9.461287e-02
0.440000 1.513601e+00 -9.679963e-02
0.445000 1.533024e+00 -9.901286e-02
0.450000 1.552501e+00 -1.012496e-01
0.455000 1.572025e+00 -1.035147e-01
0.460000 1.591600e+00 -1.057998e-01
0.465000 1.611225e+00 -1.081147e-01
0.470000 1.630900e+00 -1.104498e-01
0.475000 1.650625e+00 -1.128146e-01
0.480000 1.670400e+00 -1.151998e-01
0.485000 1.690225e+00 -1.176102e-01
0.490000 1.710100e+00 -1.200500e-01
0.495000 1.730025e+00 -1.225148e-01
0.500000 1.750000e+00 -1.250000e-01
0.505000 1.770025e+00 -1.275103e-01
0.510000 1.790100e+00 -1.300500e-01
0.515000 1.810225e+00 -1.326147e-01
0.520000 1.830400e+00 -1.352000e-01
0.525000 1.850625e+00 -1.378103e-01
0.530000 1.870900e+00 -1.404500e-01
0.535000 1.891226e+00 -1.431122e-01
0.540000 1.911599e+00 -1.458003e-01
0.545000 1.932026e+00 -1.485122e-01
0.550000 1.952499e+00 -1.512503e-01
0.555000 1.973026e+00 -1.540122e-01
0.560000 1.993599e+00 -1.568003e-01
0.565000 2.014226e+00 -1.596122e-01
0.570000 2.034899e+00 -1.624503e-01
0.575000 2.055626e+00 -1.653122e-01
0.580000 2.076399e+00 -1.682002e-01
0.585000 2.097226e+00 -1.711122e-01
0.590000 2.118099e+00 -1.740502e-01
0.595000 2.139025e+00 -1.770125e-01
0.600000 2.160000e+00 -1.800020e-01
0.605000 2.181025e+00 -1.830125e-01
0.610000 2.202100e+00 -1.860480e-01
0.615000 2.223225e+00 -1.891125e-01
0.620000 2.244400e+00 -1.922020e-01
0.625000 2.265625e+00 -1.953125e-01
0.630000 2.286900e+00 -1.984480e-01
0.635000 2.308225e+00 -2.016125e-01
0.640000 2.329600e+00 -2.048019e-01
0.645000 2.351025e+00 -2.080125e-01
0.650000 2.372500e+00 -2.112481e-01
0.655000 2.394025e+00 -2.145125e-01
0.660000 2.415601e+00 -2.177998e-01
0.665000 2.437224e+00 -2.211127e-01
0.670000 2.458901e+00 -2.244498e-01
0.675000 2.480624e+00 -2.278127e-01
0.680000 2.502401e+00 -2.311998e-01
0.685000 2.524224e+00 -2.346127e-01
0.690000 2.546101e+00 -2.380498e-01
0.695000 2.568024e+00 -2.415127e-01
0.700000 2.590001e+00 -2.449998e-01
0.705000 2.612024e+00 -2.485127e-01
0.710000 2.634101e+00 -2.520498e-01
0.715000 2.656224e+00 -2.556127e-01
0.720000 2.678400e+00 -2.592000e-01
0.725000 2.700625e+00 -2.628143e-01
0.730000 2.722900e+00 -2.664500e-01
0.735000 2.745225e+00 -2.701107e-01
0.740000 2.767600e+00 -2.738000e-01
0.745000 2.790025e+00 -2.775143e-01
0.750000 2.812500e+00 -2.812500e-01
0.755000 2.835025e+00 -2.850107e-01
0.760000 2.857600e+00 -2.888000e-01
0.765000 2.880225e+00 -2.926143e-01
0.770000 2.902900e+00 -2.964500e-01
0.775000 2.925625e+00 -3.003107e-01
0.780000 2.948400e+00 -3.042000e-01
0.785000 2.971226e+00 -3.081124e-01
0.790000 2.994099e+00 -3.120502e-01
0.795000 3.017026e+00 -3.160124e-01
0.800000 3.039999e+00 -3.200002e-01
0.805000 3.063026e+00 -3.240124e-01
0.810000 3.086099e+00 -3.280502e-01
0.815000 3.109226e+00 -3.321124e-01
0.820000 3.132399e+00 -3.362001e-01
0.825000 3.155626e+00 -3.403123e-01
0.830000 3.178899e+00 -3.444501e-01
0.835000 3.202226e+00 -3.486123e-01
0.840000 3.225599e+00 -3.528001e-01
0.845000 3.249025e+00 -3.570125e-01
0.850000 3.272500e+00 -3.612517e-01
0.855000 3.296025e+00 -3.655125e-01
0.860000 3.319600e+00 -3.697983e-01
0.865000 3.343225e+00 -3.741125e-01
0.870000 3.366900e+00 -3.784517e-01
0.875000 3.390625e+00 -3.828125e-01
0.880000 3.414400e+00 -3.871983e-01
0.885000 3.438225e+00 -3.916125e-01
0.890000 3.462100e+00 -3.960517e-01
0.895000 3.486025e+00 -4.005125e-01
0.900000 3.510000e+00 -4.049983e-01
0.905000 3.534025e+00 -4.095125e-01
0.910000 3.558101e+00 -4.140499e-01
0.915000 3.582224e+00 -4.186126e-01
0.920000 3.606401e+00 -4.231999e-01
0.925000 3.630624e+00 -4.278126e-01
0.930000 3.654901e+00 -4.324499e-01
0.935000 3.679224e+00 -4.371126e-01
0.940000 3.703601e+00 -4.417999e-01
0.945000 3.728024e+00 -4.465126e-01
0.950000 3.752501e+00 -4.512499e-01
0.955000 3.777024e+00 -4.560126e-01
0.960000 3.801601e+00 -4.607999e-01
0.965000 3.826224e+00 -4.656126e-01
0.970000 3.850900e+00 -4.704500e-01
0.975000 3.875625e+00 -4.753141e-01
0.980000 3.900400e+00 -4.802000e-01
0.985000 3.925225e+00 -4.851109e-01
0.990000 3.950100e+00 -4.900500e-01
0.995000 3.975025e+00 -4.950141e-01
