0.010000 9.720575e-05 -2.793968e-06
0.015000 2.222054e-04 1.333992e-05
0.020000 3.972049e-04 -2.793968e-06
0.025000 6.220925e-04 6.870926e-06
0.030000 8.972035e-04 -2.793968e-06
0.035000 1.224501e-03 3.385736e-06
0.040000 1.599261e-03 -3.480613e-06
0.045000 2.023826e-03 1.955049e-06
0.050000 2.498701e-03 -3.443658e-06
0.055000 3.023598e-03 1.247918e-06
0.060000 3.598512e-03 -3.232857e-06
0.065000 4.226560e-03 3.151813e-06
0.070000 4.901141e-03 -1.045167e-06
0.075000 5.625779e-03 2.128134e-06
0.080000 6.400741e-03 -1.231730e-06
0.085000 7.225444e-03 1.608352e-06
0.090000 8.101002e-03 -1.899467e-06
0.095000 9.025949e-03 9.411260e-07
0.100000 1.000068e-02 -1.958012e-06
0.105000 1.102564e-02 6.386212e-07
0.110000 1.210041e-02 -2.006021e-06
0.115000 1.322520e-02 1.943630e-07
0.120000 1.440019e-02 -2.046128e-06
0.125000 1.562500e-02 0.000000e+00
0.130000 1.690000e-02 2.080156e-06
0.135000 1.822466e-02 -3.311369e-07
0.140000 1.959967e-02 1.630443e-06
0.145000 2.102468e-02 -3.082999e-07
0.150000 2.249939e-02 1.240770e-06
0.155000 2.402441e-02 -5.768191e-07
0.160000 2.559943e-02 1.179278e-06
0.165000 2.722455e-02 -9.387234e-07
0.170000 2.889955e-02 7.413591e-07
0.175000 3.062456e-02 -8.822552e-07
0.180000 3.240069e-02 1.104739e-06
0.185000 3.422432e-02 -1.073564e-06
0.190000 3.610067e-02 1.044038e-06
0.195000 3.802434e-02 -1.016034e-06
0.200000 4.000041e-02 7.659197e-07
0.205000 4.202541e-02 -6.675756e-07
0.210000 4.410040e-02 7.271909e-07
0.215000 4.622544e-02 -9.443108e-07
0.220000 4.840043e-02 4.063953e-07
0.225000 5.062541e-02 -9.141034e-07
0.230000 5.290021e-02 1.943630e-07
0.235000 5.522520e-02 -1.076745e-06
0.240000 5.760019e-02 1.862645e-07
0.245000 6.002500e-02 -1.226159e-06
0.250000 6.250000e-02 0.000000e+00
0.255000 6.502500e-02 1.188593e-06
0.260000 6.760000e-02 4.440892e-16
0.265000 7.022499e-02 -1.153907e-06
0.270000 7.289965e-02 -3.311369e-07
0.275000 7.562465e-02 7.966703e-07
0.280000 7.839966e-02 -3.193106e-07
0.285000 8.122466e-02 7.782537e-07
0.290000 8.409966e-02 -3.082999e-07
0.295000 8.702466e-02 7.611261e-07
0.300000 8.999950e-02 -6.447236e-07
0.305000 9.302550e-02 6.334728e-07
0.310000 9.609951e-02 -6.225897e-07
0.315000 9.922549e-02 6.120569e-07
0.320000 1.023995e-01 -6.018579e-07
0.325000 1.056255e-01 5.919773e-07
0.330000 1.089003e-01 -7.096384e-07
0.335000 1.122253e-01 2.668865e-07
0.340000 1.156003e-01 -6.969536e-07
0.345000 1.190253e-01 2.591506e-07
0.350000 1.225003e-01 -6.850277e-07
0.355000 1.260253e-01 2.518506e-07
0.360000 1.296000e-01 9.221501e-07
0.365000 1.332250e-01 -4.440892e-16
0.370000 1.369000e-01 -9.048468e-07
0.375000 1.406250e-01 0.000000e+00
0.380000 1.444000e-01 8.884857e-07
0.385000 1.482250e-01 0.000000e+00
0.390000 1.521000e-01 -8.729941e-07
0.395000 1.560247e-01 -2.263467e-07
0.400000 1.599997e-01 6.347895e-07
0.405000 1.640247e-01 -2.207579e-07
0.410000 1.680997e-01 6.262995e-07
0.415000 1.722247e-01 -2.154385e-07
0.420000 1.763997e-01 6.182421e-07
0.425000 1.806246e-01 -4.439231e-07
0.430000 1.849004e-01 4.383644e-07
0.435000 1.892246e-01 -4.329370e-07
0.440000 1.936004e-01 4.276362e-07
0.445000 1.980246e-01 -4.224580e-07
0.450000 2.025004e-01 4.173981e-07
0.455000 2.070252e-01 -5.930367e-07
0.460000 2.116002e-01 1.943630e-07
0.465000 2.162252e-01 -5.865898e-07
0.470000 2.209002e-01 1.902276e-07
0.475000 2.256252e-01 -5.804394e-07
0.480000 2.304002e-01 1.862645e-07
0.485000 2.352250e-01 7.589116e-07
0.490000 2.401000e-01 0.000000e+00
0.495000 2.450250e-01 -7.495765e-07
0.500000 2.500000e-01 0.000000e+00
0.505000 2.550250e-01 7.406350e-07
0.510000 2.601000e-01 0.000000e+00
0.515000 2.652250e-01 -7.320636e-07
0.520000 2.704000e-01 -4.440892e-16
0.525000 2.756250e-01 7.238417e-07
0.530000 2.809000e-01 0.000000e+00
0.535000 2.862254e-01 3.462765e-07
0.540000 2.915996e-01 -3.428150e-07
0.545000 2.970254e-01 3.394197e-07
0.550000 3.024996e-01 -3.360889e-07
0.555000 3.080254e-01 3.328208e-07
0.560000 3.135996e-01 -3.296137e-07
0.565000 3.192254e-01 3.264660e-07
0.570000 3.248996e-01 -3.233761e-07
0.575000 3.306254e-01 3.203426e-07
0.580000 3.363996e-01 -3.173639e-07
0.585000 3.422254e-01 3.144387e-07
0.590000 3.480996e-01 -3.115656e-07
0.595000 3.540250e-01 0.000000e+00
0.600000 3.600000e-01 -6.715456e-07
0.605000 3.660250e-01 4.440892e-16
0.610000 3.721000e-01 6.656276e-07
0.615000 3.782250e-01 4.440892e-16
0.620000 3.844000e-01 -6.599195e-07
0.625000 3.906250e-01 0.000000e+00
0.630000 3.969000e-01 6.544117e-07
0.635000 4.032250e-01 0.000000e+00
0.640000 4.096000e-01 -6.490946e-07
0.645000 4.160250e-01 -4.440892e-16
0.650000 4.225000e-01 6.439595e-07
0.655000 4.290250e-01 0.000000e+00
0.660000 4.356004e-01 2.761501e-07
0.665000 4.422247e-01 -2.739225e-07
0.670000 4.489004e-01 2.717305e-07
0.675000 4.556246e-01 -2.695730e-07
0.680000 4.624004e-01 2.674495e-07
0.685000 4.692246e-01 -2.653592e-07
0.690000 4.761004e-01 2.633014e-07
0.695000 4.830246e-01 -2.612752e-07
0.700000 4.900004e-01 2.592802e-07
0.705000 4.970246e-01 -2.573156e-07
0.710000 5.041003e-01 2.553807e-07
0.715000 5.112246e-01 -2.534750e-07
0.720000 5.184000e-01 0.000000e+00
0.725000 5.256250e-01 -6.104851e-07
0.730000 5.329000e-01 4.440892e-16
0.735000 5.402250e-01 6.066070e-07
0.740000 5.476000e-01 4.440892e-16
0.745000 5.550250e-01 -6.028489e-07
0.750000 5.625000e-01 0.000000e+00
0.755000 5.700250e-01 5.992063e-07
0.760000 5.776000e-01 -4.440892e-16
0.765000 5.852250e-01 -5.956744e-07
0.770000 5.929000e-01 -4.440892e-16
0.775000 6.006250e-01 5.922491e-07
0.780000 6.084000e-01 0.000000e+00
0.785000 6.162254e-01 2.295434e-07
0.790000 6.240997e-01 -2.280104e-07
0.795000 6.320254e-01 2.264986e-07
0.800000 6.399997e-01 -2.250075e-07
0.805000 6.480254e-01 2.235369e-07
0.810000 6.560996e-01 -2.220862e-07
0.815000 6.642254e-01 2.206551e-07
0.820000 6.723996e-01 -2.192433e-07
0.825000 6.806253e-01 2.178505e-07
0.830000 6.888996e-01 -2.164762e-07
0.835000 6.972253e-01 2.151201e-07
0.840000 7.055996e-01 -2.137820e-07
0.845000 7.140250e-01 0.000000e+00
0.850000 7.225000e-01 -5.695749e-07
0.855000 7.310250e-01 4.440892e-16
0.860000 7.396000e-01 5.669095e-07
0.865000 7.482250e-01 4.440892e-16
0.870000 7.569000e-01 -5.643189e-07
0.875000 7.656250e-01 0.000000e+00
0.880000 7.744000e-01 5.618009e-07
0.885000 7.832250e-01 -4.440892e-16
0.890000 7.921000e-01 -5.593527e-07
0.895000 8.010250e-01 -4.440892e-16
0.900000 8.100000e-01 5.569723e-07
0.905000 8.190249e-01 0.000000e+00
0.910000 8.281004e-01 1.967641e-07
0.915000 8.372247e-01 -1.956604e-07
0.920000 8.464004e-01 1.945703e-07
0.925000 8.556247e-01 -1.934936e-07
0.930000 8.649004e-01 1.924301e-07
0.935000 8.742246e-01 -1.913795e-07
0.940000 8.836004e-01 1.903417e-07
0.945000 8.930246e-01 -1.893165e-07
0.950000 9.025003e-01 1.883036e-07
0.955000 9.120246e-01 -1.873029e-07
0.960000 9.216003e-01 1.863142e-07
0.965000 9.312246e-01 -1.853373e-07
0.970000 9.409001e-01 0.000000e+00
0.975000 9.506250e-01 -5.410650e-07
0.980000 9.604000e-01 0.000000e+00
0.985000 9.702250e-01 5.391785e-07
0.990000 9.801000e-01 4.440892e-16
0.995000 9.900250e-01 -5.373418e-07
