-0.999999 -0.998411 0.001587
-0.999999 -0.941533 0.058465
-0.999999 -0.810979 0.189020
-0.999999 -0.625757 0.374242
-0.999999 -0.412193 0.587806
-0.999999 -0.199407 0.800592
-0.999999 -0.014440 0.985559
-0.999999 0.122083 1.122082
-0.999999 0.198968 1.198967
-0.999999 0.215634 1.215633
-0.999999 0.181338 1.181337
-0.999999 0.112662 1.112661
-0.999999 0.029858 1.029857
-0.999999 -0.047215 0.952784
-0.999999 -0.102742 0.897256
-0.999999 -0.127515 0.872484
-0.999999 -0.119984 0.880015
-0.999999 -0.085706 0.914293
-0.999999 -0.035407 0.964592
-0.999999 0.017830 1.017829
