0.010000 3.995200e-06
0.015000 8.989161e-06
0.020000 1.598064e-05
0.025000 2.496956e-05
0.030000 3.595584e-05
0.035000 4.893936e-05
0.040000 6.391999e-05
0.045000 8.089761e-05
0.050000 9.987200e-05
0.055000 1.208430e-04
0.060000 1.438104e-04
0.065000 1.687740e-04
0.070000 1.957335e-04
0.075000 2.246886e-04
0.080000 2.556391e-04
0.085000 2.885846e-04
0.090000 3.235249e-04
0.095000 3.604595e-04
0.100000 3.993881e-04
0.105000 4.403103e-04
0.110000 4.832258e-04
0.115000 5.281340e-04
0.120000 5.750345e-04
0.125000 6.239270e-04
0.130000 6.748107e-04
0.135000 7.276854e-04
0.140000 7.825503e-04
0.145000 8.394050e-04
0.150000 8.982490e-04
0.155000 9.590815e-04
0.160000 1.021902e-03
0.165000 1.086710e-03
0.170000 1.153505e-03
0.175000 1.222286e-03
0.180000 1.293052e-03
0.185000 1.365803e-03
0.190000 1.440537e-03
0.195000 1.517255e-03
0.200000 1.595956e-03
0.205000 1.676638e-03
0.210000 1.759301e-03
0.215000 1.843944e-03
0.220000 1.930566e-03
0.225000 2.019166e-03
0.230000 2.109744e-03
0.235000 2.202299e-03
0.240000 2.296829e-03
0.245000 2.393333e-03
0.250000 2.491812e-03
0.255000 2.592263e-03
0.260000 2.694685e-03
0.265000 2.799079e-03
0.270000 2.905442e-03
0.275000 3.013774e-03
0.280000 3.124073e-03
0.285000 3.236338e-03
0.290000 3.350569e-03
0.295000 3.466764e-03
0.300000 3.584922e-03
0.305000 3.705042e-03
0.310000 3.827122e-03
0.315000 3.951161e-03
0.320000 4.077159e-03
0.325000 4.205114e-03
0.330000 4.335024e-03
0.335000 4.466889e-03
0.340000 4.600706e-03
0.345000 4.736475e-03
0.350000 4.874195e-03
0.355000 5.013863e-03
0.360000 5.155480e-03
0.365000 5.299042e-03
0.370000 5.444549e-03
0.375000 5.591998e-03
0.380000 5.741390e-03
0.385000 5.892722e-03
0.390000 6.045993e-03
0.395000 6.201202e-03
0.400000 6.358345e-03
0.405000 6.517423e-03
0.410000 6.678434e-03
0.415000 6.841375e-03
0.420000 7.006246e-03
0.425000 7.173045e-03
0.430000 7.341769e-03
0.435000 7.512418e-03
0.440000 7.684989e-03
0.445000 7.859482e-03
0.450000 8.035893e-03
0.455000 8.214223e-03
0.460000 8.394467e-03
0.465000 8.576626e-03
0.470000 8.760696e-03
0.475000 8.946677e-03
0.480000 9.134566e-03
0.485000 9.324363e-03
0.490000 9.516063e-03
0.495000 9.709665e-03
0.500000 9.905169e-03
0.505000 1.010257e-02
0.510000 1.030187e-02
0.515000 1.050306e-02
0.520000 1.070615e-02
0.525000 1.091113e-02
0.530000 1.111800e-02
0.535000 1.132675e-02
0.540000 1.153739e-02
0.545000 1.174991e-02
0.550000 1.196431e-02
0.555000 1.218059e-02
0.560000 1.239875e-02
0.565000 1.261878e-02
0.570000 1.284068e-02
0.575000 1.306445e-02
0.580000 1.329009e-02
0.585000 1.351760e-02
0.590000 1.374696e-02
0.595000 1.397819e-02
0.600000 1.421128e-02
0.605000 1.444622e-02
0.610000 1.468302e-02
0.615000 1.492166e-02
0.620000 1.516216e-02
0.625000 1.540450e-02
0.630000 1.564869e-02
0.635000 1.589472e-02
0.640000 1.614259e-02
0.645000 1.639229e-02
0.650000 1.664383e-02
0.655000 1.689721e-02
0.660000 1.715241e-02
0.665000 1.740944e-02
0.670000 1.766829e-02
0.675000 1.792897e-02
0.680000 1.819146e-02
0.685000 1.845577e-02
0.690000 1.872189e-02
0.695000 1.898983e-02
0.700000 1.925957e-02
0.705000 1.953113e-02
0.710000 1.980448e-02
0.715000 2.007963e-02
0.720000 2.035659e-02
0.725000 2.063534e-02
0.730000 2.091588e-02
0.735000 2.119821e-02
0.740000 2.148232e-02
0.745000 2.176823e-02
0.750000 2.205591e-02
0.755000 2.234537e-02
0.760000 2.263661e-02
0.765000 2.292961e-02
0.770000 2.322439e-02
0.775000 2.352094e-02
0.780000 2.381925e-02
0.785000 2.411932e-02
0.790000 2.442115e-02
0.795000 2.472474e-02
0.800000 2.503007e-02
0.805000 2.533716e-02
0.810000 2.564599e-02
0.815000 2.595656e-02
0.820000 2.626888e-02
0.825000 2.658293e-02
0.830000 2.689872e-02
0.835000 2.721623e-02
0.840000 2.753548e-02
0.845000 2.785645e-02
0.850000 2.817914e-02
0.855000 2.850354e-02
0.860000 2.882967e-02
0.865000 2.915750e-02
0.870000 2.948704e-02
0.875000 2.981829e-02
0.880000 3.015124e-02
0.885000 3.048589e-02
0.890000 3.082223e-02
0.895000 3.116027e-02
0.900000 3.149999e-02
0.905000 3.184140e-02
0.910000 3.218450e-02
0.915000 3.252927e-02
0.920000 3.287572e-02
0.925000 3.322384e-02
0.930000 3.357363e-02
0.935000 3.392508e-02
0.940000 3.427819e-02
0.945000 3.463297e-02
0.950000 3.498939e-02
0.955000 3.534747e-02
0.960000 3.570720e-02
0.965000 3.606857e-02
0.970000 3.643159e-02
0.975000 3.679623e-02
0.980000 3.716252e-02
0.985000 3.753043e-02
0.990000 3.789997e-02
0.995000 3.827113e-02
