0.010000 0.000100 0.030097 0.060089
0.060000 0.003600 0.183597 0.363588
0.110000 0.012100 0.342100 0.672088
0.160000 0.025600 0.505599 0.985608
0.210000 0.044100 0.674101 1.304103
0.260000 0.067600 0.847600 1.627600
0.310000 0.096100 1.026099 1.956097
0.360000 0.129600 1.209600 2.289606
0.410000 0.168100 1.398101 2.628102
0.460000 0.211600 1.591600 2.971601
0.510000 0.260100 1.790100 3.320098
0.560000 0.313600 1.993600 3.673596
0.610000 0.372100 2.202101 4.032103
0.660000 0.435600 2.415600 4.395601
0.710000 0.504100 2.634099 4.764099
0.760000 0.577600 2.857601 5.137604
0.810000 0.656100 3.086101 5.516102
0.860000 0.739600 3.319601 5.899601
0.910000 0.828100 3.558100 6.288099
0.960000 0.921600 3.801601 6.681599
1.010000 1.020100 4.050102 7.080105
1.060000 1.123600 4.303599 7.483597
1.110000 1.232100 4.562101 7.892103
1.160000 1.345600 4.825598 8.305597
1.210000 1.464100 5.094101 8.724102
1.260000 1.587600 5.367598 9.147596
1.310000 1.716100 5.646100 9.576101
1.360000 1.849599 5.929597 10.009596
1.410000 1.988099 6.218100 10.448101
1.460000 2.131599 6.511597 10.891594
1.510000 2.280099 6.810100 11.340099
1.560000 2.433599 7.113596 11.793592
1.610000 2.592098 7.422098 12.252098
1.659999 2.755598 7.735596 12.715591
1.709999 2.924098 8.054098 13.184097
1.759999 3.097598 8.377595 13.657591
1.809999 3.276098 8.706098 14.136097
1.859999 3.459597 9.039594 14.619591
1.909999 3.648097 9.378097 15.108095
1.959999 3.841597 9.721593 15.601589
