0.010000 0.000100 0.000097 0.000089
0.060000 0.003600 0.003598 0.003589
0.110000 0.012100 0.012100 0.012094
0.160000 0.025600 0.025599 0.025603
0.210000 0.044100 0.044100 0.044103
0.260000 0.067600 0.067600 0.067600
0.310000 0.096100 0.096100 0.096098
0.360000 0.129600 0.129600 0.129602
0.410000 0.168100 0.168100 0.168102
0.460000 0.211600 0.211600 0.211600
0.510000 0.260100 0.260100 0.260098
0.560000 0.313600 0.313600 0.313598
0.610000 0.372100 0.372100 0.372102
0.660000 0.435600 0.435600 0.435600
0.710000 0.504100 0.504100 0.504099
0.760000 0.577600 0.577600 0.577602
0.810000 0.656100 0.656101 0.656101
0.860000 0.739600 0.739600 0.739600
0.910000 0.828100 0.828100 0.828099
0.960000 0.921600 0.921600 0.921598
1.010000 1.020100 1.020101 1.020102
1.060000 1.123600 1.123600 1.123598
1.110000 1.232100 1.232101 1.232101
1.160000 1.345600 1.345599 1.345598
1.210000 1.464100 1.464100 1.464102
1.260000 1.587600 1.587599 1.587598
1.310000 1.716100 1.716100 1.716101
1.360000 1.849599 1.849599 1.849598
1.410000 1.988099 1.988100 1.988101
1.460000 2.131599 2.131598 2.131598
1.510000 2.280099 2.280100 2.280101
1.560000 2.433599 2.433598 2.433598
1.610000 2.592098 2.592099 2.592100
1.659999 2.755598 2.755598 2.755597
1.709999 2.924098 2.924099 2.924100
1.759999 3.097598 3.097597 3.097596
1.809999 3.276098 3.276098 3.276099
1.859999 3.459597 3.459597 3.459596
1.909999 3.648097 3.648098 3.648099
1.959999 3.841597 3.841596 3.841596
