0.010000 0.000000 -0.000002 -0.000004
0.060000 0.000000 -0.000001 -0.000004
0.110000 0.000000 0.000000 -0.000002
0.160000 0.000000 -0.000000 0.000001
0.210000 0.000000 0.000000 0.000001
0.260000 0.000000 0.000000 0.000000
0.310000 0.000000 -0.000000 -0.000001
0.360000 0.000000 0.000000 0.000001
0.410000 0.000000 0.000000 0.000000
0.460000 0.000000 0.000000 0.000000
0.510000 0.000000 -0.000000 -0.000000
0.560000 0.000000 0.000000 -0.000000
0.610000 0.000000 0.000000 0.000000
0.660000 0.000000 0.000000 0.000000
0.710000 0.000000 -0.000000 -0.000000
0.760000 0.000000 0.000000 0.000000
0.810000 0.000000 0.000000 0.000000
0.860000 0.000000 0.000000 0.000000
0.910000 0.000000 -0.000000 -0.000000
0.960000 0.000000 0.000000 -0.000000
1.010000 0.000000 0.000000 0.000000
1.060000 0.000000 -0.000000 -0.000000
1.110000 0.000000 0.000000 0.000000
1.160000 0.000000 -0.000000 -0.000000
1.210000 0.000000 0.000000 0.000000
1.260000 0.000000 -0.000000 -0.000000
1.310000 0.000000 0.000000 0.000000
1.360000 0.000000 -0.000000 -0.000000
1.410000 0.000000 0.000000 0.000000
1.460000 0.000000 -0.000000 -0.000000
1.510000 0.000000 0.000000 0.000000
1.560000 0.000000 -0.000000 -0.000000
1.610000 0.000000 0.000000 0.000000
1.659999 0.000000 -0.000000 -0.000000
1.709999 0.000000 0.000000 0.000000
1.759999 0.000000 -0.000000 -0.000000
1.809999 0.000000 0.000000 0.000000
1.859999 0.000000 -0.000000 -0.000000
1.909999 0.000000 0.000000 0.000000
1.959999 0.000000 -0.000000 -0.000000
